SN码:H120YA-H03190814
FX:1911.8004284815
FY:1911.4993382887
CX:1919.4136786982
CY:1085.2378689507
K1:0.1821990336
K2:-0.1723387074
P1:-0.0000564989
P2:0.0000199953
K3:-0.0095232969
K4:0.5450218660
K5:-0.1951383627
K6:-0.0492194147
RMS:0.0087
标定校验:null
是否写入: