SN码:H120UA-H02230540
FX:1015.3881573058
FY:1015.4631702220
CX:961.1984689223
CY:765.2334051341
K1:0.9002186991
K2:0.1271675815
P1:0.0000017781
P2:0.0000422084
K3:0.0007585359
K4:1.2964528613
K5:0.3822144471
K6:0.0148231433
RMS:0.0093
标定校验:null
是否写入: