SN码:H120UA-G12180842
FX:1016.6074510573
FY:1016.7300112986
CX:959.6784141464
CY:538.6411975938
K1:2.2762391688
K2:0.7396490931
P1:-0.0000049017
P2:-0.0000020498
K3:0.0201672089
K4:2.6729910614
K5:1.5361799440
K6:0.1531077240
RMS:0.0136
标定校验:null
是否写入: