SN码:H120YA-H03190787
FX:1910.3417311410
FY:1910.3058674355
CX:1917.7001038394
CY:1081.4421265044
K1:4.0260211062
K2:1.7262829199
P1:0.0000063547
P2:0.0000246456
K3:0.0733113915
K4:4.3936138684
K5:3.0848235645
K6:0.3964913866
RMS:0.0137
标定校验:null
是否写入: