[
    {
        "camera_internal": {
            "fx": 1911.8004284815,
            "fy": 1911.4993382887,
            "cx": 1919.4136786982,
            "cy": 1085.2378689507
        },
        "width": 3840,
        "height": 2160,
        "camera_external": [
            0.0178327,
            -0.998469,
            -0.0523567,
            0.219649,
            0.0701797,
            0.0534859,
            -0.996099,
            -0.247415,
            0.997376,
            0.0140892,
            0.0710238,
            -0.162269,
            0.0,
            0.0,
            0.0,
            1.0
        ],
        "rowMajor": true
    },
    {
        "camera_internal": {
            "fx": 509.9832406642,
            "fy": 509.6943933421,
            "cx": 964.0331001745,
            "cy": 764.0007851419
        },
        "width": 1920,
        "height": 1536,
        "camera_external": [
            0.513625,
            -0.855977,
            0.0590722,
            -0.500305,
            0.0861281,
            -0.0170643,
            -0.996138,
            -1.483,
            0.853681,
            0.516732,
            0.0649566,
            -2.47377,
            0.0,
            0.0,
            0.0,
            1.0
        ],
        "rowMajor": true
    },
    {
        "camera_internal": {
            "fx": 510.545228811,
            "fy": 511.0510726843,
            "cx": 959.9473472386,
            "cy": 767.2709106535
        },
        "width": 1920,
        "height": 1536,
        "camera_external": [
            0.911494,
            0.407182,
            0.0581301,
            -0.269202,
            0.0263281,
            0.0832795,
            -0.996178,
            -0.751226,
            -0.410468,
            0.909543,
            0.0651861,
            -1.26449,
            0.0,
            0.0,
            0.0,
            1.0
        ],
        "rowMajor": true
    },
    {
        "camera_internal": {
            "fx": 510.1355067259,
            "fy": 510.2367174273,
            "cx": 958.9423173562,
            "cy": 768.2943357117
        },
        "width": 1920,
        "height": 1536,
        "camera_external": [
            -0.825715,
            -0.54088,
            -0.160135,
            -1.34984,
            0.153503,
            0.0577146,
            -0.98646,
            -0.0232398,
            0.542799,
            -0.839119,
            0.0353682,
            0.0449266,
            0.0,
            0.0,
            0.0,
            1.0
        ],
        "rowMajor": true
    },
    {
        "camera_internal": {
            "fx": 1015.3881573058,
            "fy": 1015.463170222,
            "cx": 961.1984689223,
            "cy": 765.2334051341
        },
        "width": 1920,
        "height": 1536,
        "camera_external": [
            -0.263606,
            0.959684,
            0.0975694,
            -0.301129,
            0.024563,
            0.107791,
            -0.99387,
            -0.119736,
            -0.964317,
            -0.259593,
            -0.0519871,
            -2.28369,
            0.0,
            0.0,
            0.0,
            1.0
        ],
        "rowMajor": true
    }
]