[
    {
        "camera_internal": {
            "fx": 1911.8004284815,
            "fy": 1911.4993382887,
            "cx": 1919.4136786982,
            "cy": 1085.2378689507
        },
        "width": 3840,
        "height": 2160,
        "camera_external": [
            0.0285019,
            -0.997711,
            -0.0613158,
            0.0733585,
            0.0727192,
            0.0632477,
            -0.995345,
            -0.284212,
            0.996945,
            0.0239104,
            0.0743555,
            0.107221,
            0.0,
            0.0,
            0.0,
            1.0
        ],
        "rowMajor": true
    },
    {
        "camera_internal": {
            "fx": 509.9832406642,
            "fy": 509.6943933421,
            "cx": 964.0331001745,
            "cy": 764.0007851419
        },
        "width": 1920,
        "height": 1536,
        "camera_external": [
            0.513625,
            -0.855977,
            0.0590722,
            -0.500305,
            0.0861281,
            -0.0170643,
            -0.996138,
            -1.483,
            0.853681,
            0.516732,
            0.0649566,
            -2.47377,
            0.0,
            0.0,
            0.0,
            1.0
        ],
        "rowMajor": true
    },
    {
        "camera_internal": {
            "fx": 510.545228811,
            "fy": 511.0510726843,
            "cx": 959.9473472386,
            "cy": 767.2709106535
        },
        "width": 1920,
        "height": 1536,
        "camera_external": [
            0.926209,
            0.369657,
            0.0741011,
            2.2921,
            0.0665751,
            0.033093,
            -0.997232,
            -0.26837,
            -0.371086,
            0.928578,
            0.00604075,
            -1.76323,
            0.0,
            0.0,
            0.0,
            1.0
        ],
        "rowMajor": true
    },
    {
        "camera_internal": {
            "fx": 510.1355067259,
            "fy": 510.2367174273,
            "cx": 958.9423173562,
            "cy": 768.2943357117
        },
        "width": 1920,
        "height": 1536,
        "camera_external": [
            -0.825715,
            -0.54088,
            -0.160135,
            -1.34984,
            0.153503,
            0.0577146,
            -0.98646,
            -0.0232398,
            0.542799,
            -0.839119,
            0.0353682,
            0.0449266,
            0.0,
            0.0,
            0.0,
            1.0
        ],
        "rowMajor": true
    },
    {
        "camera_internal": {
            "fx": 1015.3881573058,
            "fy": 1015.463170222,
            "cx": 961.1984689223,
            "cy": 765.2334051341
        },
        "width": 1920,
        "height": 1536,
        "camera_external": [
            -0.263606,
            0.959684,
            0.0975694,
            -0.301129,
            0.024563,
            0.107791,
            -0.99387,
            -0.119736,
            -0.964317,
            -0.259593,
            -0.0519871,
            -2.28369,
            0.0,
            0.0,
            0.0,
            1.0
        ],
        "rowMajor": true
    }
]